105473
444720
473919
4526
127532
273426
232843
7225
442141
455962
425299
285238
226933
444158
336480
243842
402522
224363
246190
35144
118159
275814
357470
261579
206393
293929
256794
168181
424159
317600
230011
255519
200314
88385
461084
91746
300941
155889
395341
284254
40655
171844
350916
291035
303946
280133
14277
203950
360694
195387
274122
57326
237092
423848
299336
306263
151026
336864
122392
202064
478126
243061
13257
158341
399661
248056
176080
28369
191576
373004
38395
268840
394533
100393
2088
331405
263193
112545
298180
42355
220049
145289
459582
480985
341210
287703
282918
2764
181398
287017
348404
164540
376171
258414
178928
223474
23738
47930
53934
394140
362875
424356
66391
385097
147503
138148
126313
33722
47055
174872
468594
232243
175406
440834
50279
365316
214000
476297
342449
213386
109863
46079
247108
19409
74407
301367
378820
56014
444616
272812
127070
55196
462001
252177
248863
465950
25657
208002
422795
305620
413760
221180
146619
389860
282879
143313
456035
367290
415681
266806
268063
438404
67649
189576
362310
137758
95411
479238
120694
456568
